40 40
5.125 37873 2336332 123242321 127242721
1912191 2.11222.112 1.11121.111 1.13121.131 18181
1741971 1521251 25221212252 14131213141 1231412141321
1211412141121 231132 33191.103 5115 914121419
914121419 5115 3.1019133 231132 1211412141121
1231412141321 14131213141 25221212252 1521251 1791471
18181 1.13121.131 1.11121.111 2.11222.112 1912191
127242721 123242321 2336332 37873 5.125

5.125 37873 2336332 123242321 127242721
1912191 2.11222.112 1.11121.111 1.13121.131 18181
1791471 1521251 25221212252 14131213141 1231412141321
1211412141121 231132 3.1019133 5115 914121419
914121419 5115 33191.103 231132 1211412141121
1231412141321 14131213141 25221212252 1521251 1741971
18181 1.13121.131 1.11121.111 2.11222.112 1912191
127242721 123242321 2336332 37873 5.125